(kicad_pcb (version 20171130) (host pcbnew 5.0.2+dfsg1-1)

  (general
    (thickness 1.6)
    (drawings 5)
    (tracks 196)
    (zones 0)
    (modules 21)
    (nets 39)
  )

  (page A4)
  (title_block
    (date 2019-05-30)
    (rev 1.2)
  )

  (layers
    (0 F.Cu signal)
    (31 B.Cu signal)
    (32 B.Adhes user hide)
    (33 F.Adhes user hide)
    (34 B.Paste user hide)
    (35 F.Paste user)
    (36 B.SilkS user)
    (37 F.SilkS user)
    (38 B.Mask user)
    (39 F.Mask user)
    (40 Dwgs.User user hide)
    (41 Cmts.User user hide)
    (42 Eco1.User user hide)
    (43 Eco2.User user hide)
    (44 Edge.Cuts user)
    (45 Margin user hide)
    (46 B.CrtYd user hide)
    (47 F.CrtYd user hide)
    (48 B.Fab user hide)
    (49 F.Fab user hide)
  )

  (setup
    (last_trace_width 0.2)
    (trace_clearance 0.2)
    (zone_clearance 0.2)
    (zone_45_only no)
    (trace_min 0.2)
    (segment_width 0.2)
    (edge_width 0.15)
    (via_size 0.6)
    (via_drill 0.4)
    (via_min_size 0.4)
    (via_min_drill 0.3)
    (uvia_size 0.3)
    (uvia_drill 0.1)
    (uvias_allowed no)
    (uvia_min_size 0.2)
    (uvia_min_drill 0.1)
    (pcb_text_width 0.3)
    (pcb_text_size 1.5 1.5)
    (mod_edge_width 0.15)
    (mod_text_size 1 1)
    (mod_text_width 0.15)
    (pad_size 1.3 0.25)
    (pad_drill 0)
    (pad_to_mask_clearance 0.05)
    (solder_mask_min_width 0.14)
    (pad_to_paste_clearance 0.05)
    (aux_axis_origin 130 70)
    (grid_origin 130 70)
    (visible_elements FFFFFF7F)
    (pcbplotparams
      (layerselection 0x010f0_ffffffff)
      (usegerberextensions false)
      (usegerberattributes false)
      (usegerberadvancedattributes false)
      (creategerberjobfile false)
      (excludeedgelayer true)
      (linewidth 0.100000)
      (plotframeref false)
      (viasonmask false)
      (mode 1)
      (useauxorigin true)
      (hpglpennumber 1)
      (hpglpenspeed 20)
      (hpglpendiameter 15.000000)
      (psnegative false)
      (psa4output false)
      (plotreference true)
      (plotvalue true)
      (plotinvisibletext false)
      (padsonsilk false)
      (subtractmaskfromsilk true)
      (outputformat 1)
      (mirror false)
      (drillshape 0)
      (scaleselection 1)
      (outputdirectory "gerbers/"))
  )

  (net 0 "")
  (net 1 3.3V)
  (net 2 GND)
  (net 3 5V)
  (net 4 swclk)
  (net 5 swdio)
  (net 6 "Net-(CON1-Pad5)")
  (net 7 d-)
  (net 8 d+)
  (net 9 "Net-(U3-Pad3)")
  (net 10 "Net-(U3-Pad10)")
  (net 11 "Net-(U3-Pad11)")
  (net 12 "Net-(U3-Pad13)")
  (net 13 "Net-(U3-Pad18)")
  (net 14 "Net-(U3-Pad19)")
  (net 15 "Net-(U3-Pad20)")
  (net 16 "Net-(U3-Pad21)")
  (net 17 "Net-(U3-Pad22)")
  (net 18 "Net-(U3-Pad25)")
  (net 19 "Net-(U3-Pad27)")
  (net 20 "Net-(U3-Pad29)")
  (net 21 "Net-(U3-Pad40)")
  (net 22 "Net-(U3-Pad42)")
  (net 23 "Net-(U3-Pad43)")
  (net 24 "Net-(U3-Pad45)")
  (net 25 "Net-(U3-Pad46)")
  (net 26 "Net-(U3-Pad14)")
  (net 27 "Net-(U3-Pad31)")
  (net 28 "Net-(C4-Pad1)")
  (net 29 "Net-(C5-Pad1)")
  (net 30 "Net-(R2-Pad2)")
  (net 31 "Net-(U4-Pad11)")
  (net 32 sck)
  (net 33 miso)
  (net 34 mosi)
  (net 35 cs)
  (net 36 "Net-(C10-Pad2)")
  (net 37 nrst)
  (net 38 nc1)

  (net_class Default "This is the default net class."
    (clearance 0.2)
    (trace_width 0.2)
    (via_dia 0.6)
    (via_drill 0.4)
    (uvia_dia 0.3)
    (uvia_drill 0.1)
    (add_net 3.3V)
    (add_net 5V)
    (add_net GND)
    (add_net "Net-(C10-Pad2)")
    (add_net "Net-(C4-Pad1)")
    (add_net "Net-(C5-Pad1)")
    (add_net "Net-(CON1-Pad5)")
    (add_net "Net-(R2-Pad2)")
    (add_net "Net-(U3-Pad10)")
    (add_net "Net-(U3-Pad11)")
    (add_net "Net-(U3-Pad13)")
    (add_net "Net-(U3-Pad14)")
    (add_net "Net-(U3-Pad18)")
    (add_net "Net-(U3-Pad19)")
    (add_net "Net-(U3-Pad20)")
    (add_net "Net-(U3-Pad21)")
    (add_net "Net-(U3-Pad22)")
    (add_net "Net-(U3-Pad25)")
    (add_net "Net-(U3-Pad27)")
    (add_net "Net-(U3-Pad29)")
    (add_net "Net-(U3-Pad3)")
    (add_net "Net-(U3-Pad31)")
    (add_net "Net-(U3-Pad40)")
    (add_net "Net-(U3-Pad42)")
    (add_net "Net-(U3-Pad43)")
    (add_net "Net-(U3-Pad45)")
    (add_net "Net-(U3-Pad46)")
    (add_net "Net-(U4-Pad11)")
    (add_net cs)
    (add_net d+)
    (add_net d-)
    (add_net miso)
    (add_net mosi)
    (add_net nc1)
    (add_net nrst)
    (add_net sck)
    (add_net swclk)
    (add_net swdio)
  )

  (module Capacitor_SMD:C_0603_1608Metric (layer B.Cu) (tedit 5B301BBE) (tstamp 5BC4CFCE)
    (at 141.8 82 270)
    (descr "Capacitor SMD 0603 (1608 Metric), square (rectangular) end terminal, IPC_7351 nominal, (Body size source: http://www.tortai-tech.com/upload/download/2011102023233369053.pdf), generated with kicad-footprint-generator")
    (tags capacitor)
    (path /5B92A7ED)
    (attr smd)
    (fp_text reference C3 (at 0.9 -1.8) (layer B.SilkS)
      (effects (font (size 1 1) (thickness 0.15)) (justify mirror))
    )
    (fp_text value 100nF (at 0 -1.43 270) (layer B.Fab)
      (effects (font (size 1 1) (thickness 0.15)) (justify mirror))
    )
    (fp_line (start -0.8 -0.4) (end -0.8 0.4) (layer B.Fab) (width 0.1))
    (fp_line (start -0.8 0.4) (end 0.8 0.4) (layer B.Fab) (width 0.1))
    (fp_line (start 0.8 0.4) (end 0.8 -0.4) (layer B.Fab) (width 0.1))
    (fp_line (start 0.8 -0.4) (end -0.8 -0.4) (layer B.Fab) (width 0.1))
    (fp_line (start -0.162779 0.51) (end 0.162779 0.51) (layer B.SilkS) (width 0.12))
    (fp_line (start -0.162779 -0.51) (end 0.162779 -0.51) (layer B.SilkS) (width 0.12))
    (fp_line (start -1.48 -0.73) (end -1.48 0.73) (layer B.CrtYd) (width 0.05))
    (fp_line (start -1.48 0.73) (end 1.48 0.73) (layer B.CrtYd) (width 0.05))
    (fp_line (start 1.48 0.73) (end 1.48 -0.73) (layer B.CrtYd) (width 0.05))
    (fp_line (start 1.48 -0.73) (end -1.48 -0.73) (layer B.CrtYd) (width 0.05))
    (fp_text user %R (at 0 0 270) (layer B.Fab)
      (effects (font (size 0.4 0.4) (thickness 0.06)) (justify mirror))
    )
    (pad 1 smd roundrect (at -0.7875 0 270) (size 0.875 0.95) (layers B.Cu B.Paste B.Mask) (roundrect_rratio 0.25)
      (net 2 GND))
    (pad 2 smd roundrect (at 0.7875 0 270) (size 0.875 0.95) (layers B.Cu B.Paste B.Mask) (roundrect_rratio 0.25)
      (net 1 3.3V))
    (model ${KISYS3DMOD}/Capacitor_SMD.3dshapes/C_0603_1608Metric.wrl
      (at (xyz 0 0 0))
      (scale (xyz 1 1 1))
      (rotate (xyz 0 0 0))
    )
  )

  (module Capacitor_SMD:C_0603_1608Metric (layer B.Cu) (tedit 5B301BBE) (tstamp 5C2061D8)
    (at 142.2 96.1)
    (descr "Capacitor SMD 0603 (1608 Metric), square (rectangular) end terminal, IPC_7351 nominal, (Body size source: http://www.tortai-tech.com/upload/download/2011102023233369053.pdf), generated with kicad-footprint-generator")
    (tags capacitor)
    (path /5B92A2F2)
    (attr smd)
    (fp_text reference C4 (at 2.1 0.3 270) (layer B.SilkS)
      (effects (font (size 1 1) (thickness 0.15)) (justify mirror))
    )
    (fp_text value 18pF (at 0 -1.43) (layer B.Fab)
      (effects (font (size 1 1) (thickness 0.15)) (justify mirror))
    )
    (fp_text user %R (at 0 0) (layer B.Fab)
      (effects (font (size 0.4 0.4) (thickness 0.06)) (justify mirror))
    )
    (fp_line (start 1.48 -0.73) (end -1.48 -0.73) (layer B.CrtYd) (width 0.05))
    (fp_line (start 1.48 0.73) (end 1.48 -0.73) (layer B.CrtYd) (width 0.05))
    (fp_line (start -1.48 0.73) (end 1.48 0.73) (layer B.CrtYd) (width 0.05))
    (fp_line (start -1.48 -0.73) (end -1.48 0.73) (layer B.CrtYd) (width 0.05))
    (fp_line (start -0.162779 -0.51) (end 0.162779 -0.51) (layer B.SilkS) (width 0.12))
    (fp_line (start -0.162779 0.51) (end 0.162779 0.51) (layer B.SilkS) (width 0.12))
    (fp_line (start 0.8 -0.4) (end -0.8 -0.4) (layer B.Fab) (width 0.1))
    (fp_line (start 0.8 0.4) (end 0.8 -0.4) (layer B.Fab) (width 0.1))
    (fp_line (start -0.8 0.4) (end 0.8 0.4) (layer B.Fab) (width 0.1))
    (fp_line (start -0.8 -0.4) (end -0.8 0.4) (layer B.Fab) (width 0.1))
    (pad 2 smd roundrect (at 0.7875 0) (size 0.875 0.95) (layers B.Cu B.Paste B.Mask) (roundrect_rratio 0.25)
      (net 2 GND))
    (pad 1 smd roundrect (at -0.7875 0) (size 0.875 0.95) (layers B.Cu B.Paste B.Mask) (roundrect_rratio 0.25)
      (net 28 "Net-(C4-Pad1)"))
    (model ${KISYS3DMOD}/Capacitor_SMD.3dshapes/C_0603_1608Metric.wrl
      (at (xyz 0 0 0))
      (scale (xyz 1 1 1))
      (rotate (xyz 0 0 0))
    )
  )

  (module Capacitor_SMD:C_0603_1608Metric (layer B.Cu) (tedit 5B301BBE) (tstamp 5C20620E)
    (at 132.8 96.1 180)
    (descr "Capacitor SMD 0603 (1608 Metric), square (rectangular) end terminal, IPC_7351 nominal, (Body size source: http://www.tortai-tech.com/upload/download/2011102023233369053.pdf), generated with kicad-footprint-generator")
    (tags capacitor)
    (path /5B92A19D)
    (attr smd)
    (fp_text reference C5 (at 2 -0.5 90) (layer B.SilkS)
      (effects (font (size 1 1) (thickness 0.15)) (justify mirror))
    )
    (fp_text value 18pF (at 0 -1.43 180) (layer B.Fab)
      (effects (font (size 1 1) (thickness 0.15)) (justify mirror))
    )
    (fp_line (start -0.8 -0.4) (end -0.8 0.4) (layer B.Fab) (width 0.1))
    (fp_line (start -0.8 0.4) (end 0.8 0.4) (layer B.Fab) (width 0.1))
    (fp_line (start 0.8 0.4) (end 0.8 -0.4) (layer B.Fab) (width 0.1))
    (fp_line (start 0.8 -0.4) (end -0.8 -0.4) (layer B.Fab) (width 0.1))
    (fp_line (start -0.162779 0.51) (end 0.162779 0.51) (layer B.SilkS) (width 0.12))
    (fp_line (start -0.162779 -0.51) (end 0.162779 -0.51) (layer B.SilkS) (width 0.12))
    (fp_line (start -1.48 -0.73) (end -1.48 0.73) (layer B.CrtYd) (width 0.05))
    (fp_line (start -1.48 0.73) (end 1.48 0.73) (layer B.CrtYd) (width 0.05))
    (fp_line (start 1.48 0.73) (end 1.48 -0.73) (layer B.CrtYd) (width 0.05))
    (fp_line (start 1.48 -0.73) (end -1.48 -0.73) (layer B.CrtYd) (width 0.05))
    (fp_text user %R (at 0 0 180) (layer B.Fab)
      (effects (font (size 0.4 0.4) (thickness 0.06)) (justify mirror))
    )
    (pad 1 smd roundrect (at -0.7875 0 180) (size 0.875 0.95) (layers B.Cu B.Paste B.Mask) (roundrect_rratio 0.25)
      (net 29 "Net-(C5-Pad1)"))
    (pad 2 smd roundrect (at 0.7875 0 180) (size 0.875 0.95) (layers B.Cu B.Paste B.Mask) (roundrect_rratio 0.25)
      (net 2 GND))
    (model ${KISYS3DMOD}/Capacitor_SMD.3dshapes/C_0603_1608Metric.wrl
      (at (xyz 0 0 0))
      (scale (xyz 1 1 1))
      (rotate (xyz 0 0 0))
    )
  )

  (module Capacitor_SMD:C_0603_1608Metric (layer B.Cu) (tedit 5B301BBE) (tstamp 5BC4F02D)
    (at 132.6 82 270)
    (descr "Capacitor SMD 0603 (1608 Metric), square (rectangular) end terminal, IPC_7351 nominal, (Body size source: http://www.tortai-tech.com/upload/download/2011102023233369053.pdf), generated with kicad-footprint-generator")
    (tags capacitor)
    (path /5B92A7BF)
    (attr smd)
    (fp_text reference C6 (at 0.9 1.6) (layer B.SilkS)
      (effects (font (size 1 1) (thickness 0.15)) (justify mirror))
    )
    (fp_text value 100nF (at 0 -1.43 270) (layer B.Fab)
      (effects (font (size 1 1) (thickness 0.15)) (justify mirror))
    )
    (fp_text user %R (at 0 0 270) (layer B.Fab)
      (effects (font (size 0.4 0.4) (thickness 0.06)) (justify mirror))
    )
    (fp_line (start 1.48 -0.73) (end -1.48 -0.73) (layer B.CrtYd) (width 0.05))
    (fp_line (start 1.48 0.73) (end 1.48 -0.73) (layer B.CrtYd) (width 0.05))
    (fp_line (start -1.48 0.73) (end 1.48 0.73) (layer B.CrtYd) (width 0.05))
    (fp_line (start -1.48 -0.73) (end -1.48 0.73) (layer B.CrtYd) (width 0.05))
    (fp_line (start -0.162779 -0.51) (end 0.162779 -0.51) (layer B.SilkS) (width 0.12))
    (fp_line (start -0.162779 0.51) (end 0.162779 0.51) (layer B.SilkS) (width 0.12))
    (fp_line (start 0.8 -0.4) (end -0.8 -0.4) (layer B.Fab) (width 0.1))
    (fp_line (start 0.8 0.4) (end 0.8 -0.4) (layer B.Fab) (width 0.1))
    (fp_line (start -0.8 0.4) (end 0.8 0.4) (layer B.Fab) (width 0.1))
    (fp_line (start -0.8 -0.4) (end -0.8 0.4) (layer B.Fab) (width 0.1))
    (pad 2 smd roundrect (at 0.7875 0 270) (size 0.875 0.95) (layers B.Cu B.Paste B.Mask) (roundrect_rratio 0.25)
      (net 1 3.3V))
    (pad 1 smd roundrect (at -0.7875 0 270) (size 0.875 0.95) (layers B.Cu B.Paste B.Mask) (roundrect_rratio 0.25)
      (net 2 GND))
    (model ${KISYS3DMOD}/Capacitor_SMD.3dshapes/C_0603_1608Metric.wrl
      (at (xyz 0 0 0))
      (scale (xyz 1 1 1))
      (rotate (xyz 0 0 0))
    )
  )

  (module Capacitor_SMD:C_0603_1608Metric (layer B.Cu) (tedit 5B301BBE) (tstamp 5C5E04E1)
    (at 142.2 91.6 180)
    (descr "Capacitor SMD 0603 (1608 Metric), square (rectangular) end terminal, IPC_7351 nominal, (Body size source: http://www.tortai-tech.com/upload/download/2011102023233369053.pdf), generated with kicad-footprint-generator")
    (tags capacitor)
    (path /5B92A6B8)
    (attr smd)
    (fp_text reference C7 (at -1.6 1.4) (layer B.SilkS)
      (effects (font (size 1 1) (thickness 0.15)) (justify mirror))
    )
    (fp_text value 100nF (at 0 -1.43 180) (layer B.Fab)
      (effects (font (size 1 1) (thickness 0.15)) (justify mirror))
    )
    (fp_line (start -0.8 -0.4) (end -0.8 0.4) (layer B.Fab) (width 0.1))
    (fp_line (start -0.8 0.4) (end 0.8 0.4) (layer B.Fab) (width 0.1))
    (fp_line (start 0.8 0.4) (end 0.8 -0.4) (layer B.Fab) (width 0.1))
    (fp_line (start 0.8 -0.4) (end -0.8 -0.4) (layer B.Fab) (width 0.1))
    (fp_line (start -0.162779 0.51) (end 0.162779 0.51) (layer B.SilkS) (width 0.12))
    (fp_line (start -0.162779 -0.51) (end 0.162779 -0.51) (layer B.SilkS) (width 0.12))
    (fp_line (start -1.48 -0.73) (end -1.48 0.73) (layer B.CrtYd) (width 0.05))
    (fp_line (start -1.48 0.73) (end 1.48 0.73) (layer B.CrtYd) (width 0.05))
    (fp_line (start 1.48 0.73) (end 1.48 -0.73) (layer B.CrtYd) (width 0.05))
    (fp_line (start 1.48 -0.73) (end -1.48 -0.73) (layer B.CrtYd) (width 0.05))
    (fp_text user %R (at 0 0 180) (layer B.Fab)
      (effects (font (size 0.4 0.4) (thickness 0.06)) (justify mirror))
    )
    (pad 1 smd roundrect (at -0.7875 0 180) (size 0.875 0.95) (layers B.Cu B.Paste B.Mask) (roundrect_rratio 0.25)
      (net 2 GND))
    (pad 2 smd roundrect (at 0.7875 0 180) (size 0.875 0.95) (layers B.Cu B.Paste B.Mask) (roundrect_rratio 0.25)
      (net 1 3.3V))
    (model ${KISYS3DMOD}/Capacitor_SMD.3dshapes/C_0603_1608Metric.wrl
      (at (xyz 0 0 0))
      (scale (xyz 1 1 1))
      (rotate (xyz 0 0 0))
    )
  )

  (module Connector_PinHeader_2.54mm:PinHeader_1x05_P2.54mm_Vertical (layer F.Cu) (tedit 5C5173C5) (tstamp 5C5E0340)
    (at 142.6 99.1 270)
    (descr "Through hole straight pin header, 1x05, 2.54mm pitch, single row")
    (tags "Through hole pin header THT 1x05 2.54mm single row")
    (path /5B94CFC5)
    (fp_text reference CON1 (at -1.7 5.08 180) (layer B.SilkS) hide
      (effects (font (size 1 1) (thickness 0.15)) (justify mirror))
    )
    (fp_text value ST-LINK_V2 (at 2.9 5.1) (layer F.Fab)
      (effects (font (size 1 1) (thickness 0.15)))
    )
    (fp_line (start -0.635 -1.27) (end 1.27 -1.27) (layer F.Fab) (width 0.1))
    (fp_line (start 1.27 -1.27) (end 1.27 11.43) (layer F.Fab) (width 0.1))
    (fp_line (start 1.27 11.43) (end -1.27 11.43) (layer F.Fab) (width 0.1))
    (fp_line (start -1.27 11.43) (end -1.27 -0.635) (layer F.Fab) (width 0.1))
    (fp_line (start -1.27 -0.635) (end -0.635 -1.27) (layer F.Fab) (width 0.1))
    (fp_line (start -1.33 11.49) (end 1.33 11.49) (layer F.SilkS) (width 0.12))
    (fp_line (start -1.33 1.27) (end -1.33 11.49) (layer F.SilkS) (width 0.12))
    (fp_line (start 1.33 1.27) (end 1.33 11.49) (layer F.SilkS) (width 0.12))
    (fp_line (start -1.33 1.27) (end 1.33 1.27) (layer F.SilkS) (width 0.12))
    (fp_line (start -1.33 0) (end -1.33 -1.33) (layer F.SilkS) (width 0.12))
    (fp_line (start -1.33 -1.33) (end 0 -1.33) (layer F.SilkS) (width 0.12))
    (fp_line (start -1.8 -1.8) (end -1.8 11.95) (layer F.CrtYd) (width 0.05))
    (fp_line (start -1.8 11.95) (end 1.8 11.95) (layer F.CrtYd) (width 0.05))
    (fp_line (start 1.8 11.95) (end 1.8 -1.8) (layer F.CrtYd) (width 0.05))
    (fp_line (start 1.8 -1.8) (end -1.8 -1.8) (layer F.CrtYd) (width 0.05))
    (fp_text user %R (at 0 5.08) (layer F.Fab)
      (effects (font (size 1 1) (thickness 0.15)))
    )
    (pad 1 thru_hole rect (at 0 0 270) (size 1.7 1.7) (drill 1) (layers *.Cu *.Mask)
      (net 4 swclk))
    (pad 2 thru_hole oval (at 0 2.54 270) (size 1.7 1.7) (drill 1) (layers *.Cu *.Mask)
      (net 5 swdio))
    (pad 3 thru_hole oval (at 0 5.08 270) (size 1.7 1.7) (drill 1) (layers *.Cu *.Mask)
      (net 2 GND))
    (pad 4 thru_hole oval (at 0 7.62 270) (size 1.7 1.7) (drill 1) (layers *.Cu *.Mask)
      (net 1 3.3V))
    (pad 5 thru_hole oval (at 0 10.16 270) (size 1.7 1.7) (drill 1) (layers *.Cu *.Mask)
      (net 6 "Net-(CON1-Pad5)"))
  )

  (module Connector_USB:USB_A_CNCTech_1001-011-01101_Horizontal (layer F.Cu) (tedit 5AFEF547) (tstamp 5BC51A3B)
    (at 137.5 66.2 90)
    (descr http://cnctech.us/pdfs/1001-011-01101.pdf)
    (tags USB-A)
    (path /5B913995)
    (attr smd)
    (fp_text reference J1 (at -6.8 0 180) (layer F.SilkS)
      (effects (font (size 1 1) (thickness 0.15)))
    )
    (fp_text value USB_A_Plug (at 12.8 0.1) (layer F.Fab)
      (effects (font (size 1 1) (thickness 0.15)))
    )
    (fp_line (start -7.9 6.025) (end -7.9 -6.025) (layer F.Fab) (width 0.1))
    (fp_line (start -7.9 -6.025) (end 10.9 -6.025) (layer F.Fab) (width 0.1))
    (fp_line (start -7.9 6.025) (end 10.9 6.025) (layer F.Fab) (width 0.1))
    (fp_line (start 10.9 6.025) (end 10.9 -6.025) (layer F.Fab) (width 0.1))
    (fp_line (start -10.4 3.75) (end -10.4 3.25) (layer F.Fab) (width 0.1))
    (fp_line (start -10.4 3.25) (end -7.9 3.25) (layer F.Fab) (width 0.1))
    (fp_line (start -10.4 3.75) (end -7.9 3.75) (layer F.Fab) (width 0.1))
    (fp_line (start -10.4 0.75) (end -7.9 0.75) (layer F.Fab) (width 0.1))
    (fp_line (start -10.4 1.25) (end -10.4 0.75) (layer F.Fab) (width 0.1))
    (fp_line (start -10.4 1.25) (end -7.9 1.25) (layer F.Fab) (width 0.1))
    (fp_line (start -10.4 -0.75) (end -10.4 -1.25) (layer F.Fab) (width 0.1))
    (fp_line (start -10.4 -0.75) (end -7.9 -0.75) (layer F.Fab) (width 0.1))
    (fp_line (start -10.4 -1.25) (end -7.9 -1.25) (layer F.Fab) (width 0.1))
    (fp_line (start -10.4 -3.75) (end -7.9 -3.75) (layer F.Fab) (width 0.1))
    (fp_line (start -10.4 -3.25) (end -10.4 -3.75) (layer F.Fab) (width 0.1))
    (fp_line (start -10.4 -3.25) (end -7.9 -3.25) (layer F.Fab) (width 0.1))
    (fp_circle (center -6.9 -2.3) (end -6.9 -2.8) (layer F.Fab) (width 0.1))
    (fp_circle (center -6.9 2.3) (end -6.9 2.8) (layer F.Fab) (width 0.1))
    (fp_line (start -8.02 -4.4) (end -8.02 4.4) (layer F.SilkS) (width 0.12))
    (fp_line (start -3.8 6.025) (end -3.8 -6.025) (layer Dwgs.User) (width 0.1))
    (fp_text user "PCB Edge" (at -4.55 -0.05 180) (layer Dwgs.User)
      (effects (font (size 0.6 0.6) (thickness 0.09)))
    )
    (fp_line (start -4.85 -6.145) (end -3.8 -6.145) (layer F.SilkS) (width 0.12))
    (fp_line (start -4.85 6.145) (end -3.8 6.145) (layer F.SilkS) (width 0.12))
    (fp_line (start -11.4 4.55) (end -11.4 -4.55) (layer F.CrtYd) (width 0.05))
    (fp_line (start -11.4 -4.55) (end -9.15 -4.55) (layer F.CrtYd) (width 0.05))
    (fp_line (start -9.15 -7.15) (end -9.15 -4.55) (layer F.CrtYd) (width 0.05))
    (fp_line (start -9.15 -7.15) (end -4.65 -7.15) (layer F.CrtYd) (width 0.05))
    (fp_line (start -4.65 -6.52) (end -4.65 -7.15) (layer F.CrtYd) (width 0.05))
    (fp_line (start -4.65 -6.52) (end 11.4 -6.52) (layer F.CrtYd) (width 0.05))
    (fp_line (start 11.4 6.52) (end 11.4 -6.52) (layer F.CrtYd) (width 0.05))
    (fp_text user %R (at -6 0 180) (layer F.Fab)
      (effects (font (size 1 1) (thickness 0.15)))
    )
    (fp_line (start -4.65 6.52) (end 11.4 6.52) (layer F.CrtYd) (width 0.05))
    (fp_line (start -4.65 7.15) (end -4.65 6.52) (layer F.CrtYd) (width 0.05))
    (fp_line (start -9.15 7.15) (end -4.65 7.15) (layer F.CrtYd) (width 0.05))
    (fp_line (start -9.15 4.55) (end -9.15 7.15) (layer F.CrtYd) (width 0.05))
    (fp_line (start -11.4 4.55) (end -9.15 4.55) (layer F.CrtYd) (width 0.05))
    (pad 2 smd rect (at -9.65 -1 90) (size 2.5 1.1) (layers F.Cu F.Paste F.Mask)
      (net 7 d-))
    (pad 3 smd rect (at -9.65 1 90) (size 2.5 1.1) (layers F.Cu F.Paste F.Mask)
      (net 8 d+))
    (pad 1 smd rect (at -9.65 -3.5 90) (size 2.5 1.1) (layers F.Cu F.Paste F.Mask)
      (net 3 5V))
    (pad 4 smd rect (at -9.65 3.5 90) (size 2.5 1.1) (layers F.Cu F.Paste F.Mask)
      (net 2 GND))
    (pad 5 thru_hole oval (at -6.9 -5.7 90) (size 3.5 1.9) (drill oval 2.5 0.9) (layers *.Cu *.Mask)
      (net 2 GND))
    (pad 5 thru_hole oval (at -6.9 5.7 90) (size 3.5 1.9) (drill oval 2.5 0.9) (layers *.Cu *.Mask)
      (net 2 GND))
    (pad "" np_thru_hole circle (at -6.9 -2.3 90) (size 1.1 1.1) (drill 1.1) (layers *.Cu *.Mask))
    (pad "" np_thru_hole circle (at -6.9 2.3 90) (size 1.1 1.1) (drill 1.1) (layers *.Cu *.Mask))
    (model ${KISYS3DMOD}/Connector_USB.3dshapes/USB_A_CNCTech_1001-011-01101_Horizontal.wrl
      (at (xyz 0 0 0))
      (scale (xyz 1 1 1))
      (rotate (xyz 0 0 0))
    )
  )

  (module Resistor_SMD:R_0603_1608Metric (layer B.Cu) (tedit 5B301BBD) (tstamp 5BC5080B)
    (at 134.8 79.7 270)
    (descr "Resistor SMD 0603 (1608 Metric), square (rectangular) end terminal, IPC_7351 nominal, (Body size source: http://www.tortai-tech.com/upload/download/2011102023233369053.pdf), generated with kicad-footprint-generator")
    (tags resistor)
    (path /5B95EA51)
    (attr smd)
    (fp_text reference R1 (at -0.6 1.8) (layer B.SilkS)
      (effects (font (size 1 1) (thickness 0.15)) (justify mirror))
    )
    (fp_text value 33 (at 0 -1.43 270) (layer B.Fab)
      (effects (font (size 1 1) (thickness 0.15)) (justify mirror))
    )
    (fp_line (start -0.8 -0.4) (end -0.8 0.4) (layer B.Fab) (width 0.1))
    (fp_line (start -0.8 0.4) (end 0.8 0.4) (layer B.Fab) (width 0.1))
    (fp_line (start 0.8 0.4) (end 0.8 -0.4) (layer B.Fab) (width 0.1))
    (fp_line (start 0.8 -0.4) (end -0.8 -0.4) (layer B.Fab) (width 0.1))
    (fp_line (start -0.162779 0.51) (end 0.162779 0.51) (layer B.SilkS) (width 0.12))
    (fp_line (start -0.162779 -0.51) (end 0.162779 -0.51) (layer B.SilkS) (width 0.12))
    (fp_line (start -1.48 -0.73) (end -1.48 0.73) (layer B.CrtYd) (width 0.05))
    (fp_line (start -1.48 0.73) (end 1.48 0.73) (layer B.CrtYd) (width 0.05))
    (fp_line (start 1.48 0.73) (end 1.48 -0.73) (layer B.CrtYd) (width 0.05))
    (fp_line (start 1.48 -0.73) (end -1.48 -0.73) (layer B.CrtYd) (width 0.05))
    (fp_text user %R (at 0 0 270) (layer B.Fab)
      (effects (font (size 0.4 0.4) (thickness 0.06)) (justify mirror))
    )
    (pad 1 smd roundrect (at -0.7875 0 270) (size 0.875 0.95) (layers B.Cu B.Paste B.Mask) (roundrect_rratio 0.25)
      (net 4 swclk))
    (pad 2 smd roundrect (at 0.7875 0 270) (size 0.875 0.95) (layers B.Cu B.Paste B.Mask) (roundrect_rratio 0.25)
      (net 38 nc1))
    (model ${KISYS3DMOD}/Resistor_SMD.3dshapes/R_0603_1608Metric.wrl
      (at (xyz 0 0 0))
      (scale (xyz 1 1 1))
      (rotate (xyz 0 0 0))
    )
  )

  (module Resistor_SMD:R_0603_1608Metric (layer B.Cu) (tedit 5B301BBD) (tstamp 5BC5083B)
    (at 140.2 79.7 270)
    (descr "Resistor SMD 0603 (1608 Metric), square (rectangular) end terminal, IPC_7351 nominal, (Body size source: http://www.tortai-tech.com/upload/download/2011102023233369053.pdf), generated with kicad-footprint-generator")
    (tags resistor)
    (path /5B9602EF)
    (attr smd)
    (fp_text reference R2 (at -0.6 -1.8) (layer B.SilkS)
      (effects (font (size 1 1) (thickness 0.15)) (justify mirror))
    )
    (fp_text value 33 (at 0 -1.43 270) (layer B.Fab)
      (effects (font (size 1 1) (thickness 0.15)) (justify mirror))
    )
    (fp_text user %R (at 0 0 270) (layer B.Fab)
      (effects (font (size 0.4 0.4) (thickness 0.06)) (justify mirror))
    )
    (fp_line (start 1.48 -0.73) (end -1.48 -0.73) (layer B.CrtYd) (width 0.05))
    (fp_line (start 1.48 0.73) (end 1.48 -0.73) (layer B.CrtYd) (width 0.05))
    (fp_line (start -1.48 0.73) (end 1.48 0.73) (layer B.CrtYd) (width 0.05))
    (fp_line (start -1.48 -0.73) (end -1.48 0.73) (layer B.CrtYd) (width 0.05))
    (fp_line (start -0.162779 -0.51) (end 0.162779 -0.51) (layer B.SilkS) (width 0.12))
    (fp_line (start -0.162779 0.51) (end 0.162779 0.51) (layer B.SilkS) (width 0.12))
    (fp_line (start 0.8 -0.4) (end -0.8 -0.4) (layer B.Fab) (width 0.1))
    (fp_line (start 0.8 0.4) (end 0.8 -0.4) (layer B.Fab) (width 0.1))
    (fp_line (start -0.8 0.4) (end 0.8 0.4) (layer B.Fab) (width 0.1))
    (fp_line (start -0.8 -0.4) (end -0.8 0.4) (layer B.Fab) (width 0.1))
    (pad 2 smd roundrect (at 0.7875 0 270) (size 0.875 0.95) (layers B.Cu B.Paste B.Mask) (roundrect_rratio 0.25)
      (net 30 "Net-(R2-Pad2)"))
    (pad 1 smd roundrect (at -0.7875 0 270) (size 0.875 0.95) (layers B.Cu B.Paste B.Mask) (roundrect_rratio 0.25)
      (net 5 swdio))
    (model ${KISYS3DMOD}/Resistor_SMD.3dshapes/R_0603_1608Metric.wrl
      (at (xyz 0 0 0))
      (scale (xyz 1 1 1))
      (rotate (xyz 0 0 0))
    )
  )

  (module Package_SO:TSOP-6_1.65x3.05mm_P0.95mm (layer B.Cu) (tedit 5A02F25C) (tstamp 5BC4D093)
    (at 137.5 79.7 180)
    (descr "TSOP-6 package (comparable to TSOT-23), https://www.vishay.com/docs/71200/71200.pdf")
    (tags "Jedec MO-193C TSOP-6L")
    (path /5B9436C1)
    (attr smd)
    (fp_text reference U1 (at 0 0 270) (layer B.SilkS)
      (effects (font (size 1 1) (thickness 0.15)) (justify mirror))
    )
    (fp_text value IP4220CZ6 (at 0 -2.5 180) (layer B.Fab)
      (effects (font (size 1 1) (thickness 0.15)) (justify mirror))
    )
    (fp_text user %R (at 0 0 90) (layer B.Fab)
      (effects (font (size 0.5 0.5) (thickness 0.075)) (justify mirror))
    )
    (fp_line (start -0.8 -1.6) (end 0.8 -1.6) (layer B.SilkS) (width 0.12))
    (fp_line (start 0.8 1.6) (end -1.5 1.6) (layer B.SilkS) (width 0.12))
    (fp_line (start -0.825 1.1) (end -0.425 1.525) (layer B.Fab) (width 0.1))
    (fp_line (start 0.825 1.525) (end -0.425 1.525) (layer B.Fab) (width 0.1))
    (fp_line (start -0.825 1.1) (end -0.825 -1.525) (layer B.Fab) (width 0.1))
    (fp_line (start 0.825 -1.525) (end -0.825 -1.525) (layer B.Fab) (width 0.1))
    (fp_line (start 0.825 1.525) (end 0.825 -1.525) (layer B.Fab) (width 0.1))
    (fp_line (start -1.76 1.78) (end 1.76 1.78) (layer B.CrtYd) (width 0.05))
    (fp_line (start -1.76 1.78) (end -1.76 -1.77) (layer B.CrtYd) (width 0.05))
    (fp_line (start 1.76 -1.77) (end 1.76 1.78) (layer B.CrtYd) (width 0.05))
    (fp_line (start 1.76 -1.77) (end -1.76 -1.77) (layer B.CrtYd) (width 0.05))
    (pad 1 smd rect (at -1.16 0.95 180) (size 0.7 0.51) (layers B.Cu B.Paste B.Mask)
      (net 5 swdio))
    (pad 2 smd rect (at -1.16 0 180) (size 0.7 0.51) (layers B.Cu B.Paste B.Mask)
      (net 2 GND))
    (pad 3 smd rect (at -1.16 -0.95 180) (size 0.7 0.51) (layers B.Cu B.Paste B.Mask)
      (net 8 d+))
    (pad 4 smd rect (at 1.16 -0.95 180) (size 0.7 0.51) (layers B.Cu B.Paste B.Mask)
      (net 7 d-))
    (pad 5 smd rect (at 1.16 0 180) (size 0.7 0.51) (layers B.Cu B.Paste B.Mask)
      (net 3 5V))
    (pad 6 smd rect (at 1.16 0.95 180) (size 0.7 0.51) (layers B.Cu B.Paste B.Mask)
      (net 4 swclk))
    (model ${KISYS3DMOD}/Package_SO.3dshapes/TSOP-6_1.65x3.05mm_P0.95mm.wrl
      (at (xyz 0 0 0))
      (scale (xyz 1 1 1))
      (rotate (xyz 0 0 0))
    )
  )

  (module Package_TO_SOT_SMD:SOT-23 (layer B.Cu) (tedit 5A02FF57) (tstamp 5BC4D0A8)
    (at 137.5 75.8 270)
    (descr "SOT-23, Standard")
    (tags SOT-23)
    (path /5B92B686)
    (attr smd)
    (fp_text reference U2 (at -2.6 0) (layer B.SilkS)
      (effects (font (size 1 1) (thickness 0.15)) (justify mirror))
    )
    (fp_text value MCP1700-3302E_SOT23 (at 0 -2.5 270) (layer B.Fab)
      (effects (font (size 1 1) (thickness 0.15)) (justify mirror))
    )
    (fp_text user %R (at 0 0 180) (layer B.Fab)
      (effects (font (size 0.5 0.5) (thickness 0.075)) (justify mirror))
    )
    (fp_line (start -0.7 0.95) (end -0.7 -1.5) (layer B.Fab) (width 0.1))
    (fp_line (start -0.15 1.52) (end 0.7 1.52) (layer B.Fab) (width 0.1))
    (fp_line (start -0.7 0.95) (end -0.15 1.52) (layer B.Fab) (width 0.1))
    (fp_line (start 0.7 1.52) (end 0.7 -1.52) (layer B.Fab) (width 0.1))
    (fp_line (start -0.7 -1.52) (end 0.7 -1.52) (layer B.Fab) (width 0.1))
    (fp_line (start 0.76 -1.58) (end 0.76 -0.65) (layer B.SilkS) (width 0.12))
    (fp_line (start 0.76 1.58) (end 0.76 0.65) (layer B.SilkS) (width 0.12))
    (fp_line (start -1.7 1.75) (end 1.7 1.75) (layer B.CrtYd) (width 0.05))
    (fp_line (start 1.7 1.75) (end 1.7 -1.75) (layer B.CrtYd) (width 0.05))
    (fp_line (start 1.7 -1.75) (end -1.7 -1.75) (layer B.CrtYd) (width 0.05))
    (fp_line (start -1.7 -1.75) (end -1.7 1.75) (layer B.CrtYd) (width 0.05))
    (fp_line (start 0.76 1.58) (end -1.4 1.58) (layer B.SilkS) (width 0.12))
    (fp_line (start 0.76 -1.58) (end -0.7 -1.58) (layer B.SilkS) (width 0.12))
    (pad 1 smd rect (at -1 0.95 270) (size 0.9 0.8) (layers B.Cu B.Paste B.Mask)
      (net 2 GND))
    (pad 2 smd rect (at -1 -0.95 270) (size 0.9 0.8) (layers B.Cu B.Paste B.Mask)
      (net 1 3.3V))
    (pad 3 smd rect (at 1 0 270) (size 0.9 0.8) (layers B.Cu B.Paste B.Mask)
      (net 3 5V))
    (model ${KISYS3DMOD}/Package_TO_SOT_SMD.3dshapes/SOT-23.wrl
      (at (xyz 0 0 0))
      (scale (xyz 1 1 1))
      (rotate (xyz 0 0 0))
    )
  )

  (module Package_QFP:LQFP-48_7x7mm_P0.5mm (layer B.Cu) (tedit 5C29F365) (tstamp 5BC4EED8)
    (at 137 87.2 90)
    (descr "48 LEAD LQFP 7x7mm (see MICREL LQFP7x7-48LD-PL-1.pdf)")
    (tags "QFP 0.5")
    (path /5B914EA3)
    (attr smd)
    (fp_text reference U3 (at 0 6 90) (layer B.SilkS)
      (effects (font (size 1 1) (thickness 0.15)) (justify mirror))
    )
    (fp_text value STM32F072C8Tx (at 0 -6 90) (layer B.Fab)
      (effects (font (size 1 1) (thickness 0.15)) (justify mirror))
    )
    (fp_line (start 3.13 -3.75) (end 3.75 -3.75) (layer B.CrtYd) (width 0.05))
    (fp_line (start 3.75 -3.13) (end 3.75 -3.75) (layer B.CrtYd) (width 0.05))
    (fp_line (start 3.13 -5.25) (end 3.13 -3.75) (layer B.CrtYd) (width 0.05))
    (fp_text user %R (at 0 0 90) (layer B.Fab)
      (effects (font (size 1 1) (thickness 0.15)) (justify mirror))
    )
    (fp_line (start -2.5 3.5) (end 3.5 3.5) (layer B.Fab) (width 0.1))
    (fp_line (start 3.5 3.5) (end 3.5 -3.5) (layer B.Fab) (width 0.1))
    (fp_line (start 3.5 -3.5) (end -3.5 -3.5) (layer B.Fab) (width 0.1))
    (fp_line (start -3.5 -3.5) (end -3.5 2.5) (layer B.Fab) (width 0.1))
    (fp_line (start -3.5 2.5) (end -2.5 3.5) (layer B.Fab) (width 0.1))
    (fp_line (start -5.25 3.13) (end -5.25 -3.13) (layer B.CrtYd) (width 0.05))
    (fp_line (start 5.25 3.13) (end 5.25 -3.13) (layer B.CrtYd) (width 0.05))
    (fp_line (start -3.13 5.25) (end 3.13 5.25) (layer B.CrtYd) (width 0.05))
    (fp_line (start -3.13 -5.25) (end 3.13 -5.25) (layer B.CrtYd) (width 0.05))
    (fp_line (start 3.56 3.56) (end 3.56 3.14) (layer B.SilkS) (width 0.12))
    (fp_line (start 3.56 -3.56) (end 3.56 -3.14) (layer B.SilkS) (width 0.12))
    (fp_line (start -3.56 -3.56) (end -3.56 -3.14) (layer B.SilkS) (width 0.12))
    (fp_line (start -3.56 3.56) (end -3.14 3.56) (layer B.SilkS) (width 0.12))
    (fp_line (start 3.56 -3.56) (end 3.14 -3.56) (layer B.SilkS) (width 0.12))
    (fp_line (start 3.56 3.56) (end 3.14 3.56) (layer B.SilkS) (width 0.12))
    (fp_line (start -3.56 3.14) (end -4.94 3.14) (layer B.SilkS) (width 0.12))
    (fp_line (start -3.56 3.56) (end -3.56 3.14) (layer B.SilkS) (width 0.12))
    (fp_line (start -3.56 -3.56) (end -3.14 -3.56) (layer B.SilkS) (width 0.12))
    (fp_line (start 3.75 -3.13) (end 5.25 -3.13) (layer B.CrtYd) (width 0.05))
    (fp_line (start 3.75 3.13) (end 5.25 3.13) (layer B.CrtYd) (width 0.05))
    (fp_line (start 3.13 3.75) (end 3.13 5.25) (layer B.CrtYd) (width 0.05))
    (fp_line (start -3.13 3.75) (end -3.13 5.25) (layer B.CrtYd) (width 0.05))
    (fp_line (start -3.75 3.13) (end -5.25 3.13) (layer B.CrtYd) (width 0.05))
    (fp_line (start -3.75 -3.13) (end -5.25 -3.13) (layer B.CrtYd) (width 0.05))
    (fp_line (start -3.13 -3.75) (end -3.13 -5.25) (layer B.CrtYd) (width 0.05))
    (fp_line (start 3.13 3.75) (end 3.75 3.75) (layer B.CrtYd) (width 0.05))
    (fp_line (start 3.75 3.13) (end 3.75 3.75) (layer B.CrtYd) (width 0.05))
    (fp_line (start -3.75 -3.13) (end -3.75 -3.75) (layer B.CrtYd) (width 0.05))
    (fp_line (start -3.13 -3.75) (end -3.75 -3.75) (layer B.CrtYd) (width 0.05))
    (fp_line (start -3.75 3.13) (end -3.75 3.75) (layer B.CrtYd) (width 0.05))
    (fp_line (start -3.13 3.75) (end -3.75 3.75) (layer B.CrtYd) (width 0.05))
    (pad 1 smd rect (at -4.35 2.75 90) (size 1.3 0.25) (layers B.Cu B.Paste B.Mask)
      (net 1 3.3V))
    (pad 2 smd rect (at -4.35 2.25 90) (size 1.3 0.25) (layers B.Cu B.Paste B.Mask)
      (net 2 GND))
    (pad 3 smd rect (at -4.35 1.75 90) (size 1.3 0.25) (layers B.Cu B.Paste B.Mask)
      (net 9 "Net-(U3-Pad3)"))
    (pad 4 smd rect (at -4.35 1.25 90) (size 1.3 0.25) (layers B.Cu B.Paste B.Mask)
      (net 37 nrst))
    (pad 5 smd rect (at -4.35 0.75 90) (size 1.3 0.25) (layers B.Cu B.Paste B.Mask)
      (net 28 "Net-(C4-Pad1)"))
    (pad 6 smd rect (at -4.35 0.25 90) (size 1.3 0.25) (layers B.Cu B.Paste B.Mask)
      (net 29 "Net-(C5-Pad1)"))
    (pad 7 smd rect (at -4.35 -0.25 90) (size 1.3 0.25) (layers B.Cu B.Paste B.Mask)
      (net 37 nrst))
    (pad 8 smd rect (at -4.35 -0.75 90) (size 1.3 0.25) (layers B.Cu B.Paste B.Mask)
      (net 2 GND))
    (pad 9 smd rect (at -4.35 -1.25 90) (size 1.3 0.25) (layers B.Cu B.Paste B.Mask)
      (net 1 3.3V))
    (pad 10 smd rect (at -4.35 -1.75 90) (size 1.3 0.25) (layers B.Cu B.Paste B.Mask)
      (net 10 "Net-(U3-Pad10)"))
    (pad 11 smd rect (at -4.35 -2.25 90) (size 1.3 0.25) (layers B.Cu B.Paste B.Mask)
      (net 11 "Net-(U3-Pad11)"))
    (pad 12 smd rect (at -4.35 -2.75 90) (size 1.3 0.25) (layers B.Cu B.Paste B.Mask)
      (net 36 "Net-(C10-Pad2)"))
    (pad 13 smd rect (at -2.75 -4.35) (size 1.3 0.25) (layers B.Cu B.Paste B.Mask)
      (net 12 "Net-(U3-Pad13)"))
    (pad 14 smd rect (at -2.25 -4.35) (size 1.3 0.25) (layers B.Cu B.Paste B.Mask)
      (net 26 "Net-(U3-Pad14)"))
    (pad 15 smd rect (at -1.75 -4.35) (size 1.3 0.25) (layers B.Cu B.Paste B.Mask)
      (net 32 sck))
    (pad 16 smd rect (at -1.25 -4.35) (size 1.3 0.25) (layers B.Cu B.Paste B.Mask)
      (net 33 miso))
    (pad 17 smd rect (at -0.75 -4.35) (size 1.3 0.25) (layers B.Cu B.Paste B.Mask)
      (net 34 mosi))
    (pad 18 smd rect (at -0.25 -4.35) (size 1.3 0.25) (layers B.Cu B.Paste B.Mask)
      (net 13 "Net-(U3-Pad18)"))
    (pad 19 smd rect (at 0.25 -4.35) (size 1.3 0.25) (layers B.Cu B.Paste B.Mask)
      (net 14 "Net-(U3-Pad19)"))
    (pad 20 smd rect (at 0.75 -4.35) (size 1.3 0.25) (layers B.Cu B.Paste B.Mask)
      (net 15 "Net-(U3-Pad20)"))
    (pad 21 smd rect (at 1.25 -4.35) (size 1.3 0.25) (layers B.Cu B.Paste B.Mask)
      (net 16 "Net-(U3-Pad21)"))
    (pad 22 smd rect (at 1.75 -4.35) (size 1.3 0.25) (layers B.Cu B.Paste B.Mask)
      (net 17 "Net-(U3-Pad22)"))
    (pad 23 smd rect (at 2.25 -4.35) (size 1.3 0.25) (layers B.Cu B.Paste B.Mask)
      (net 2 GND))
    (pad 24 smd rect (at 2.75 -4.35) (size 1.3 0.25) (layers B.Cu B.Paste B.Mask)
      (net 1 3.3V))
    (pad 25 smd rect (at 4.35 -2.75 90) (size 1.3 0.25) (layers B.Cu B.Paste B.Mask)
      (net 18 "Net-(U3-Pad25)"))
    (pad 26 smd rect (at 4.35 -2.25 90) (size 1.3 0.25) (layers B.Cu B.Paste B.Mask)
      (net 38 nc1))
    (pad 27 smd rect (at 4.35 -1.75 90) (size 1.3 0.25) (layers B.Cu B.Paste B.Mask)
      (net 19 "Net-(U3-Pad27)"))
    (pad 28 smd rect (at 4.35 -1.25 90) (size 1.3 0.25) (layers B.Cu B.Paste B.Mask)
      (net 2 GND))
    (pad 29 smd rect (at 4.35 -0.75 90) (size 1.3 0.25) (layers B.Cu B.Paste B.Mask)
      (net 20 "Net-(U3-Pad29)"))
    (pad 30 smd rect (at 4.35 -0.25 90) (size 1.3 0.25) (layers B.Cu B.Paste B.Mask)
      (net 2 GND))
    (pad 31 smd rect (at 4.35 0.25 90) (size 1.3 0.25) (layers B.Cu B.Paste B.Mask)
      (net 27 "Net-(U3-Pad31)"))
    (pad 32 smd rect (at 4.35 0.75 90) (size 1.3 0.25) (layers B.Cu B.Paste B.Mask)
      (net 7 d-))
    (pad 33 smd rect (at 4.35 1.25 90) (size 1.3 0.25) (layers B.Cu B.Paste B.Mask)
      (net 8 d+))
    (pad 34 smd rect (at 4.35 1.75 90) (size 1.3 0.25) (layers B.Cu B.Paste B.Mask)
      (net 30 "Net-(R2-Pad2)"))
    (pad 35 smd rect (at 4.35 2.25 90) (size 1.3 0.25) (layers B.Cu B.Paste B.Mask)
      (net 2 GND))
    (pad 36 smd rect (at 4.35 2.75 90) (size 1.3 0.25) (layers B.Cu B.Paste B.Mask)
      (net 1 3.3V))
    (pad 37 smd rect (at 2.75 4.35) (size 1.3 0.25) (layers B.Cu B.Paste B.Mask)
      (net 38 nc1))
    (pad 38 smd rect (at 2.25 4.35) (size 1.3 0.25) (layers B.Cu B.Paste B.Mask)
      (net 35 cs))
    (pad 39 smd rect (at 1.75 4.35) (size 1.3 0.25) (layers B.Cu B.Paste B.Mask)
      (net 2 GND))
    (pad 40 smd rect (at 1.25 4.35) (size 1.3 0.25) (layers B.Cu B.Paste B.Mask)
      (net 21 "Net-(U3-Pad40)"))
    (pad 41 smd rect (at 0.75 4.35) (size 1.3 0.25) (layers B.Cu B.Paste B.Mask)
      (net 2 GND))
    (pad 42 smd rect (at 0.25 4.35) (size 1.3 0.25) (layers B.Cu B.Paste B.Mask)
      (net 22 "Net-(U3-Pad42)"))
    (pad 43 smd rect (at -0.25 4.35) (size 1.3 0.25) (layers B.Cu B.Paste B.Mask)
      (net 23 "Net-(U3-Pad43)"))
    (pad 44 smd rect (at -0.75 4.35) (size 1.3 0.25) (layers B.Cu B.Paste B.Mask)
      (net 2 GND))
    (pad 45 smd rect (at -1.25 4.35) (size 1.3 0.25) (layers B.Cu B.Paste B.Mask)
      (net 24 "Net-(U3-Pad45)"))
    (pad 46 smd rect (at -1.75 4.35) (size 1.3 0.25) (layers B.Cu B.Paste B.Mask)
      (net 25 "Net-(U3-Pad46)"))
    (pad 47 smd rect (at -2.25 4.35) (size 1.3 0.25) (layers B.Cu B.Paste B.Mask)
      (net 2 GND))
    (pad 48 smd rect (at -2.75 4.35) (size 1.3 0.25) (layers B.Cu B.Paste B.Mask)
      (net 1 3.3V))
    (model ${KISYS3DMOD}/Package_QFP.3dshapes/LQFP-48_7x7mm_P0.5mm.wrl
      (at (xyz 0 0 0))
      (scale (xyz 1 1 1))
      (rotate (xyz 0 0 0))
    )
  )

  (module Crystal:Crystal_SMD_5032-2Pin_5.0x3.2mm (layer B.Cu) (tedit 5A0FD1B2) (tstamp 5C5E03E0)
    (at 137.5 95.2 180)
    (descr "SMD Crystal SERIES SMD2520/2 http://www.icbase.com/File/PDF/HKC/HKC00061008.pdf, 5.0x3.2mm^2 package")
    (tags "SMD SMT crystal")
    (path /5B929F95)
    (attr smd)
    (fp_text reference Y1 (at 0.1 -1.1) (layer B.SilkS)
      (effects (font (size 1 1) (thickness 0.15)) (justify mirror))
    )
    (fp_text value 8MHz (at 0 -2.8 180) (layer B.Fab)
      (effects (font (size 1 1) (thickness 0.15)) (justify mirror))
    )
    (fp_text user %R (at 0 0 180) (layer B.Fab)
      (effects (font (size 1 1) (thickness 0.15)) (justify mirror))
    )
    (fp_line (start -2.3 1.6) (end 2.3 1.6) (layer B.Fab) (width 0.1))
    (fp_line (start 2.3 1.6) (end 2.5 1.4) (layer B.Fab) (width 0.1))
    (fp_line (start 2.5 1.4) (end 2.5 -1.4) (layer B.Fab) (width 0.1))
    (fp_line (start 2.5 -1.4) (end 2.3 -1.6) (layer B.Fab) (width 0.1))
    (fp_line (start 2.3 -1.6) (end -2.3 -1.6) (layer B.Fab) (width 0.1))
    (fp_line (start -2.3 -1.6) (end -2.5 -1.4) (layer B.Fab) (width 0.1))
    (fp_line (start -2.5 -1.4) (end -2.5 1.4) (layer B.Fab) (width 0.1))
    (fp_line (start -2.5 1.4) (end -2.3 1.6) (layer B.Fab) (width 0.1))
    (fp_line (start -2.5 -0.6) (end -1.5 -1.6) (layer B.Fab) (width 0.1))
    (fp_line (start 2.7 1.8) (end -3.05 1.8) (layer B.SilkS) (width 0.12))
    (fp_line (start -3.05 1.8) (end -3.05 -1.8) (layer B.SilkS) (width 0.12))
    (fp_line (start -3.05 -1.8) (end 2.7 -1.8) (layer B.SilkS) (width 0.12))
    (fp_line (start -3.1 1.9) (end -3.1 -1.9) (layer B.CrtYd) (width 0.05))
    (fp_line (start -3.1 -1.9) (end 3.1 -1.9) (layer B.CrtYd) (width 0.05))
    (fp_line (start 3.1 -1.9) (end 3.1 1.9) (layer B.CrtYd) (width 0.05))
    (fp_line (start 3.1 1.9) (end -3.1 1.9) (layer B.CrtYd) (width 0.05))
    (fp_circle (center 0 0) (end 0.4 0) (layer B.Adhes) (width 0.1))
